5.354608025749883760e-02 -9.949191271298606087e-02 1.066871163370217923e+00 3.854928239169582338e-04
4.932117201653865579e-02 -9.382764688558185850e-02 1.142854467465200363e+00 1.822602115994453290e-04
3.898263395490596250e-02 -1.185838026417929958e-01 9.878003634128031951e-01 9.895904985290264813e-03
3.835182354748116473e-02 -9.184990204442960993e-02 9.462452360208546409e-01 2.281005811311501337e-04
4.816387402072133672e-02 -9.778195627267875778e-02 9.235265419505315210e-01 2.312457003459526036e-03
6.949326819239173836e-02 -7.485461671992503507e-02 9.445217695475958131e-01 4.421239153346827734e-04
2.115798093841819369e-02 -7.710518657005872856e-02 1.022984214189223806e+00 7.367711614616373516e-04
4.071420081767909704e-02 -7.207508169346968363e-02 9.964222611505587635e-01 5.105613187876861803e-03
4.693926419533479139e-02 -1.013978902717580788e-01 1.064502608373921966e+00 6.974374571681808861e-04
3.066773730631114359e-02 -8.401745440618910155e-02 9.806377572923647978e-01 9.592629824752590311e-04
3.329522070948787854e-02 -9.667618171603563348e-02 1.071832926588399237e+00 1.525814150828011658e-03
5.062284345101022986e-02 -8.634872579032161488e-02 1.336848273792563768e+00 1.591094606368860173e-02
3.824902984634473424e-02 -9.746233762452677363e-02 8.507422223292753216e-01 1.563727301668075501e-03
5.688995339213001601e-02 -9.338259651070371370e-02 9.482829468398995543e-01 3.030440182203450808e-03
4.970407524214167511e-02 -1.072809110463122523e-01 9.889473169442919431e-01 1.310977258760103901e-03
4.921252228071665291e-02 -1.032960529896693597e-01 9.516307895230251557e-01 1.203695577178503194e-03
5.726106599218473009e-02 -8.422758483426960596e-02 8.932331139365360384e-01 6.504470938766196550e-04
6.395803215056231061e-02 -9.640426533176334190e-02 1.129732311816134871e+00 1.101512378475571867e-02
4.549713328493153880e-02 -1.024766230171193365e-01 9.373966650234639708e-01 1.654800607277290411e-03
4.666621138977163769e-02 -9.919756212579325383e-02 9.519697372246118672e-01 1.043611005097910653e-03
4.085861429516955690e-02 -7.791904714757942607e-02 1.007935714822895124e+00 3.192447279470521327e-04
4.404903367113404550e-02 -1.013038355886864139e-01 1.091508453516846888e+00 2.973515123845493248e-03
3.979273592254586184e-02 -7.216142122562684003e-02 9.887218689973875652e-01 2.032366203256675673e-03
2.109120978754112571e-02 -1.300522167890529324e-01 9.664768177011981987e-01 3.632908592175769589e-03
4.330948288179151812e-02 -8.962049956282601426e-02 1.005219908436073339e+00 3.728367657022696891e-03
4.657267294915268946e-02 -1.029165058645150899e-01 9.958108747413604300e-01 5.231002458179132876e-03
4.512899327299997598e-02 -9.968400263296618713e-02 1.107525229223875751e+00 1.601974416635402109e-03
3.091190866392762304e-02 -1.028945996061711166e-01 1.047516760032044303e+00 9.981895242584667375e-04
7.946805114086112620e-02 -1.008498538394913685e-01 9.335058806823856026e-01 6.029385836871269284e-03
4.312850474988674798e-02 -1.051793504007055013e-01 9.976798703249585287e-01 5.356459812159632562e-04
5.015127774005034150e-02 -1.014511146319891088e-01 8.114968456339030078e-01 8.194988943186457160e-04
3.528820576254185215e-02 -1.021292106543922190e-01 9.818620724625625185e-01 1.351021376606948527e-03
4.584349442176143680e-02 -9.641242304870109581e-02 1.089370310981180756e+00 1.361701208112590846e-03
4.749327552120566343e-02 -1.197055846390216172e-01 1.071972034167855581e+00 5.282920474618172865e-03
3.755284412230439767e-02 -1.044419937221961331e-01 1.117125522173739949e+00 1.136299288420683333e-02
4.807460910904157170e-02 -9.851424495663864411e-02 9.041714478948050804e-01 4.984509579179999782e-03
4.250306453097221770e-02 -1.179366229688232209e-01 1.160961484722714321e+00 2.720043436712248942e-03
2.840872853941921877e-02 -9.038383490028305267e-02 1.084701329258311420e+00 6.590575222146222850e-03
8.527652901462880186e-02 -6.265077568485191706e-02 9.330936430706933127e-01 3.901321012950741195e-04
3.298412389952012219e-02 -1.069327812477178369e-01 1.093442018695424345e+00 2.873460247029783771e-03
3.817367950034551705e-02 -1.035641600353585101e-01 9.161769950476441604e-01 6.405909360522624120e-04
2.232947368520898229e-02 -5.611071931125377610e-02 8.209071183510021630e-01 4.030326585875073156e-03
6.011814756543031046e-02 -1.009805722977678843e-01 1.050508164679357259e+00 9.416947619189733071e-04
3.256502400343887910e-02 -1.131471077555081944e-01 1.194122783600402915e+00 1.478161749039584453e-03
4.051426291614165787e-02 -1.114654853224470582e-01 1.028062074198722531e+00 2.201648121856633351e-03
8.164420862297940007e-03 -1.244127971155612189e-01 9.862485383570024355e-01 9.299451473658527575e-03
7.319876435311425955e-02 -9.288544130394459086e-02 8.592129121577128936e-01 2.502612243086394742e-03
4.603190063654569869e-02 -1.351471668278917959e-01 1.104254342863393967e+00 5.428963358393245177e-04
4.499903952703084020e-02 -9.515808488055059466e-02 9.967958250114319352e-01 2.697581477986699377e-03
4.981299638419114939e-02 -1.065155354979882563e-01 1.014043947199543272e+00 1.325553209020593950e-03
